]633;E;for i in {1..10};e5969c1d-58d2-4e8f-8aad-b51d4c2cb2e3]633;C19:34:47
  84623 53.7  0.0  4088  96716    4
19:34:48
  84623 53.8  0.0  4088  96716    4
19:34:49
  84623 53.8  0.0  4104  96716    4
19:34:50
  84623 53.8  0.0  4104  96716    4
19:34:51
  84623 53.9  0.0  4104  96716    4
19:34:52
  84623 53.9  0.0  4104  96716    4
19:34:53
  84623 54.0  0.0  4112  96716    4
19:34:54
  84623 54.0  0.0  4112  96716    4
19:34:55
  84623 54.1  0.0  4112  96716    4
19:34:56
  84623 54.1  0.0  4112  96716    4
