]633;E;for i in {1..10};e5969c1d-58d2-4e8f-8aad-b51d4c2cb2e3]633;C19:36:26
  84623 57.8  0.0  4112  96716    4
19:36:27
  84623 57.9  0.0  4160  96716    4
19:36:28
  84623 57.9  0.0  4164  96716    4
19:36:29
  84623 57.9  0.0  4164  96716    4
19:36:30
  84623 58.0  0.0  4164  96716    4
19:36:31
  84623 58.0  0.0  4204  96716    4
19:36:32
  84623 58.0  0.0  4208  96716    4
19:36:33
  84623 58.1  0.0  4212  96716    4
19:36:34
  84623 58.1  0.0  4216  96716    4
19:36:35
  84623 58.1  0.0  4216  96716    4
