]633;E;for i in {1..10};e5969c1d-58d2-4e8f-8aad-b51d4c2cb2e3]633;C19:38:57
  84623 62.7  0.0  4396  96716    4
19:38:58
  84623 62.7  0.0  4500  96716    4
19:38:59
  84623 62.7  0.0  4504  96716    4
19:39:00
  84623 62.8  0.0  4508  96716    4
19:39:01
  84623 62.8  0.0  4508  96716    4
19:39:02
  84623 62.8  0.0  4508  96716    4
19:39:03
  84623 62.8  0.0  4548  96716    4
19:39:04
  84623 62.9  0.0  4560  96716    4
19:39:05
  84623 62.9  0.0  4560  96716    4
19:39:06
  84623 62.9  0.0  4560  96716    4
