]633;E;for i in {1..10};e5969c1d-58d2-4e8f-8aad-b51d4c2cb2e3]633;C19:37:19
  84623 59.7  0.0  4224  96716    4
19:37:20
  84623 59.8  0.0  4264  96716    4
19:37:21
  84623 59.8  0.0  4288  96716    4
19:37:22
  84623 59.8  0.0  4292  96716    4
19:37:23
  84623 59.8  0.0  4292  96716    4
19:37:24
  84623 59.9  0.0  4292  96716    4
19:37:25
  84623 59.9  0.0  4360  96716    4
19:37:26
  84623 59.9  0.0  4364  96716    4
19:37:27
  84623 60.0  0.0  4364  96716    4
19:37:28
  84623 60.0  0.0  4372  96716    4
